1.0 -1.0 1.0 0.0
-1.0 -1.0 1.0 0.0
-1.0 -1.0 -1.0 0.0
-1.0 1.0 -1.0 0.0
-1.0 1.0 1.0 0.0
0.9999989867210388 1.0 1.0000009536743164 0.0
1.0 1.0 -0.9999989867210388 0.0
0.9999989867210388 1.0 1.0000009536743164 0.0
1.0 -1.0 1.0 0.0
0.9999989867210388 1.0 1.0000009536743164 0.0
-1.0 1.0 1.0 0.0
-1.0 -1.0 1.0 0.0
-1.0 -1.0 1.0 0.0
-1.0 1.0 1.0 0.0
-1.0 1.0 -1.0 0.0
1.0 -1.0 -1.0 0.0
-1.0 -1.0 -1.0 0.0
-1.0 1.0 -1.0 0.0
1.0 -1.0 -1.0 0.0
1.0 -1.0 1.0 0.0
-1.0 -1.0 -1.0 0.0
1.0 1.0 -0.9999989867210388 0.0
-1.0 1.0 -1.0 0.0
0.9999989867210388 1.0 1.0000009536743164 0.0
1.0 -1.0 -1.0 0.0
1.0 1.0 -0.9999989867210388 0.0
1.0 -1.0 1.0 0.0
1.0 -1.0 1.0 0.0
0.9999989867210388 1.0 1.0000009536743164 0.0
-1.0 -1.0 1.0 0.0
-1.0 -1.0 -1.0 0.0
-1.0 -1.0 1.0 0.0
-1.0 1.0 -1.0 0.0
1.0 1.0 -0.9999989867210388 0.0
1.0 -1.0 -1.0 0.0
-1.0 1.0 -1.0 0.0
