1 -1
2 100
3 47
4 44
5 29
6 10
7 7
8 10
9 9
10 10
11 29
12 28
13 19
14 18
15 17
16 16
17 17
18 18
19 19
20 28
21 21
22 19
23 23
24 21
25 25
26 23
27 27
28 28
29 29
30 44
31 41
32 36
33 35
34 34
35 35
36 36
37 41
38 38
39 36
40 40
41 41
42 29
43 43
44 44
45 47
46 46
47 47
48 100
49 59
50 52
51 51
52 52
53 59
54 56
55 55
56 56
57 52
58 58
59 59
60 47
61 85
62 66
63 65
64 64
65 65
66 66
67 85
68 84
69 75
70 74
71 73
72 72
73 73
74 74
75 75
76 84
77 83
78 78
79 83
80 80
81 78
82 82
83 83
84 84
85 85
86 59
87 97
88 92
89 89
90 92
91 91
92 92
93 97
94 96
95 95
96 96
97 97
98 85
99 99
100 100
101 -1
102 184
103 109
104 106
105 105
106 106
107 109
108 108
109 109
110 184
111 149
112 138
113 131
114 114
115 131
116 126
117 123
118 120
119 119
120 120
121 123
122 122
123 123
124 126
125 125
126 126
127 114
128 130
129 129
130 130
131 131
132 138
133 135
134 134
135 135
136 131
137 137
138 138
139 149
140 142
141 141
142 142
143 138
144 146
145 145
146 146
147 142
148 148
149 149
150 109
151 175
152 170
153 163
154 158
155 155
156 158
157 157
158 158
159 163
160 162
161 161
162 162
163 163
164 170
165 169
166 168
167 167
168 168
169 169
170 170
171 175
172 172
173 170
174 174
175 175
176 149
177 181
178 178
179 181
180 180
181 181
182 175
183 183
184 184
185 100
186 206
187 201
188 192
189 191
190 190
191 191
192 192
193 201
194 196
195 195
196 196
197 192
198 198
199 196
200 200
201 201
202 206
203 203
204 201
205 205
206 206
207 184
208 208
209 206
210 210
211 208
212 212
-1 -1
